Name Order (Alphabetic):
['B_L_COX_joint',       'B_L_FEM_joint',        'B_L_TIB_joint',        'B_R_COX_joint',        'B_R_FEM_joint',        'B_R_TIB_joint',        'F_L_COX_joint',        'F_L_FEM_joint',        'F_L_TIB_joint',        'F_R_COX_joint',        'F_R_FEM_joint',        'F_R_TIB_joint',        'M_L_COX_joint',        'M_L_FEM_joint',        'M_L_TIB_joint',        'M_R_COX_joint',        'M_R_FEM_joint',        'M_R_TIB_joint']
Random:
[0.21475699543952942,   -0.3119089603424072,    -1.2629756927490234,    0.09203871339559555,    -0.46019354462623596,   0.327248752117157,      -0.3886078894138336,    -0.9664064645767212,    -0.5215526819229126,    -0.3016824424266815,    0.17896416783332825,    -0.4908731281757355,    -0.20964373648166656,   0.6596107482910156,     0.4550803005695343,     0.327248752117157,      -0.2607763409614563,    0.5675720572471619]
[-0.015339785255491734, -0.603364884853363,     -0.5624588131904602,    0.16873763501644135,    0.5573455095291138,     0.5471190214157104,     -0.05113261938095093,   0.5522322654724121,     0.5062128901481628,     -0.10737849771976471,   -0.603364884853363,     -0.5726853013038635,    -0.05624587833881378,   -0.5675720572471619,    -0.603364884853363,     0.22498351335525513,    0.5726853013038635,     0.5675720572471619]
[-0.015339785255491734, -0.603364884853363,     -0.5624588131904602,    0.1636243760585785,     0.5573455095291138,     0.5471190214157104,     -0.05113261938095093,   0.5522322654724121,     0.5062128901481628,     -0.23521004617214203,   -0.5931383371353149,    -0.5726853013038635,    -0.05624587833881378,   -0.5675720572471619,    -0.603364884853363,     0.22498351335525513,    0.5726853013038635,     0.5624588131904602]
[-0.015339785255491734, -0.5931383371353149,    -0.5573455095291138,    0.1636243760585785,     0.5573455095291138,     0.5471190214157104,     -0.05624587833881378,   0.5522322654724121,     0.5062128901481628,     -0.23521004617214203,   -0.5880250930786133,    -0.5624588131904602,    -0.061359141021966934,  -0.5573455095291138,    -0.603364884853363,     0.21987025439739227,    0.5624588131904602,     0.5624588131904602]
Min Coxa:
(-1.1095777750015259,   -0.526665985584259,    -0.4755333364009857,     0.7976688146591187,     0.5573455095291138,     0.5471190214157104,     0.9510666728019714,     0.42951399087905884,    0.5062128901481628,     -0.7005168795585632,    -0.5726853013038635,    -0.542005717754364,     -0.7363097071647644,    -0.4959864020347595,    -0.5062128901481628,    0.7823290228843689,     0.5675720572471619,     0.5522322654724121)
Max Coxa:
(0.680063784122467,     -0.5215526819229126,   -0.46530681848526,       -1.0737849473953247,    0.5573455095291138,     0.5471190214157104,    -0.6289312243461609,     0.3988344073295593,     0.48064661026000977,    0.792555570602417,      -0.5675720572471619,    -0.542005717754364,     0.3016824424266815,     -0.4857598543167114,    -0.5010996460914612,    -0.0971519723534584,    0.5522322654724121,     0.5522322654724121)
Min Fem & Min Tib:
(-0.21987025439739227,  0.6596107482910156,     0.5215526819229126,     0.13805806636810303,    -0.7465361952781677,    -0.5113261938095093,    -0.015339785255491734,  -0.9050473570823669,    -0.526665985584259,     -0.08181218802928925,   0.7363097071647644,     0.5624588131904602,     -0.06647240370512009,   0.7567627429962158,     0.46530681848526,       0.16873763501644135,    -0.4550803005695343,    -0.3579283356666565)
Max Fem & Max Tib:
(-0.13294480741024017, -0.6135914325714111,     -0.5982516407966614,    0.11249175667762756,    0.5931383371353149,     0.6135914325714111,     0.03579283133149147,    0.542005717754364,      0.5062128901481628,     -0.04090609401464462,   -0.5368924736976624,    -0.6084781289100647,    -0.12271828204393387,   -0.5675720572471619,    -0.6084781289100647,    0.05624587833881378,    0.5726853013038635,     0.5675720572471619)


Home?: NO
[0, 0, 0, 0, 0, 0, 0, 0, 0, 0, 0, 0, 0, 0, 0, 0, 0, 0]


Stand:
(-0.34258854389190674, 0.2914559245109558, -0.4959864020347595, -0.015339785255491734, -0.7056301236152649, -0.10226523876190186, -0.7772157788276672, -0.27611613273620605, -0.24032330513000488, -0.542005717754364, 0.1840774267911911, -0.09203871339559555, 0.015339785255491734, 0.3988344073295593, 0.2607763409614563, 0.23009677231311798, -0.4090609550476074, -0.27611613273620605)

/***********WALK:*****************/
Start position:
(0.13294480741024017, -0.6135914325714111, -0.6135914325714111, -0.3886078894138336, 0.5880250930786133, 0.603364884853363, -0.271002858877182, 0.5522322654724121, 0.5113261938095093, 0.21987025439739227, -0.5931383371353149, -0.5113261938095093, -0.061359141021966934, -0.5931383371353149, -0.6596107482910156, 0.0, 0.5726853013038635, 0.5624588131904602)
Evens up:
(0.29656916856765747, 0.654497504234314, 0.30679571628570557, -0.3886078894138336, 0.5931383371353149, 0.603364884853363, -0.19941720366477966, -0.603364884853363, -0.21987025439739227, 0.25566309690475464, -0.5931383371353149, -0.5062128901481628, -0.061359141021966934, -0.5931383371353149, -0.6596107482910156, 0.0971519723534584, -0.33236202597618103, -0.12271828204393387)
evens fwd, odds back:

Odds up:

odds fwd, evens back:
